v1	v2	v3	v4	v5
20.75588	18.50980	16.44116	22.39400	20.40639
18.90826	18.30972	27.47242	22.38551	23.18233
22.11826	19.86096	19.81912	21.37008	20.77208
20.61425	21.18741	17.34232	19.52478	24.56211
22.28156	16.51214	20.96689	19.48879	19.32974
16.87878	15.15454	20.34016	22.85196	17.58179
19.45838	17.16113	12.62823	21.22812	23.68249
17.63939	18.38415	23.25018	23.17211	17.52431
18.61389	18.40107	23.07963	24.40388	13.93151
17.60203	17.11510	23.32273	19.28471	17.48237
18.62417	23.98596	23.70181	23.03225	17.04603
24.37018	27.54611	17.59015	13.61878	21.83239
12.75461	12.84050	16.03194	15.76608	18.44076
18.50469	21.33882	17.81817	18.71056	17.78723
21.48577	21.43906	23.66099	23.44212	20.83795
17.42847	19.77627	17.22353	18.33174	19.17419
18.48266	19.51126	22.61254	16.75974	17.64527
17.49435	22.40397	21.91335	17.63954	20.04359
18.76799	19.06677	23.66773	23.33323	22.07850
10.27675	23.83308	23.07692	19.94140	19.61889
22.61550	24.24585	13.53530	20.59443	11.91401
13.13631	23.40015	22.03678	22.02074	18.58569
17.16173	23.60932	23.26879	22.07809	21.06314
20.74019	27.73421	19.06150	23.11536	17.45074
15.13839	19.22044	19.01853	20.72795	21.70427
18.23034	22.49884	18.33066	18.65328	21.09833
19.78465	23.13497	17.76103	20.05493	18.51551
18.37175	16.08492	19.45732	13.37320	20.84301
21.18027	19.75303	19.29784	17.55193	19.30837
19.56427	17.71312	20.02711	16.97845	25.31101
17.55848	19.18144	18.36603	21.93382	22.14988
16.74792	23.26586	20.74578	19.90064	21.15367
19.73450	22.69734	19.47434	19.70339	22.13020
16.25728	19.25637	18.24001	15.43736	16.12320
19.45053	22.21119	15.89407	21.23683	19.29234
18.59074	22.69584	20.41087	19.28513	20.72808
19.45064	21.73862	18.22277	23.07821	22.43197
23.13405	19.28502	20.89289	22.54505	20.49423
18.67705	21.91021	15.58628	16.46015	24.29049
20.55640	21.86414	23.35189	23.25417	22.65698
13.40132	23.61707	17.26578	18.87985	16.84214
22.00035	24.30983	25.07732	21.61592	21.74597
16.91462	19.03950	18.39570	18.52203	18.70717
24.71438	18.98224	18.54369	18.25968	18.62437
18.54960	17.04689	17.40933	16.54062	22.60825
22.01373	21.66278	16.33384	23.12973	20.62212
21.59387	20.88952	20.83040	18.00076	19.26416
23.42708	22.11447	16.63097	22.70382	18.09386
22.54994	20.89779	20.96817	22.23516	23.49394
22.75336	19.49534	19.12409	21.82632	19.14921
21.87377	21.36742	19.78372	23.33839	21.65097
21.69017	24.31101	25.03346	21.16895	17.69858
18.82727	23.85884	19.41717	16.87859	18.61919
19.25763	22.83972	19.16775	18.92981	18.87626
15.72651	19.75653	17.68583	15.58513	19.82263
23.62149	22.04695	21.75057	17.38976	27.14091
21.28442	17.78749	20.59687	19.48513	16.80494
21.73449	28.67053	20.21400	19.42275	18.82905
17.54757	18.32633	18.47797	21.28119	15.22291
14.76837	23.25503	19.12388	24.34985	22.44353
19.79662	20.20078	15.69305	25.82007	21.33967
16.02246	24.30097	17.03633	19.09229	19.40951
17.79412	16.95702	13.49566	15.82483	28.06573
22.14166	15.79161	12.93787	14.57223	22.81784
17.62382	23.12342	21.06298	17.69304	18.62617
24.83880	17.96937	21.49982	21.71652	25.23855
17.21819	19.63477	19.92262	20.38586	17.93485
23.11919	22.34156	25.39591	21.75009	20.63275
13.92921	20.81150	16.75942	18.15401	21.01551
30.08673	18.98720	14.10096	23.95800	19.80460
17.35889	18.99258	18.99086	17.69820	13.75431
21.53251	21.96061	24.79184	20.98739	19.45733
19.93851	22.81798	16.62768	20.68869	18.78454
19.61213	22.48958	21.95085	18.71201	23.73056
16.99329	18.74690	20.01531	23.14847	15.05755
21.28003	21.67942	16.68554	21.32780	19.48394
19.20012	22.99433	19.16255	22.99272	21.22201
15.84115	23.50944	20.78326	14.09589	20.94929
24.41548	17.20200	21.01803	17.70754	18.98554
12.57272	22.89930	19.86195	18.51908	16.52184
25.17284	19.60821	16.61214	20.15391	20.48812
17.93329	17.92215	21.47478	12.42681	19.97724
24.73456	15.58275	20.02708	19.34643	15.83164
23.55144	21.19130	20.06766	16.66314	23.50182
15.45517	21.29847	22.10447	17.41382	16.29854
17.77900	20.45335	24.40464	19.64028	21.27501
19.49340	19.81129	16.36879	18.82166	23.61746
20.55867	26.20119	18.33777	18.76038	20.43163
18.38498	18.11609	20.00660	12.76258	19.90268
21.27002	20.72203	22.15274	24.81837	16.69319
16.93748	18.70964	20.54474	22.62340	21.08660
16.07753	19.59726	20.59963	24.49313	22.11178
22.99385	22.50517	25.92673	18.90632	17.64695
24.75079	16.58780	19.98666	15.86546	19.72720
24.25818	22.74318	16.51793	20.20451	21.83198
22.45315	22.52864	19.16268	21.79550	21.60459
15.66022	22.29587	19.72899	21.25425	16.53907
20.53901	14.55447	22.50732	21.75793	23.34904
18.48157	22.18939	15.98871	16.88588	22.70403
21.70440	20.74865	18.30647	18.81748	18.30048
14.56375	18.47124	26.15943	19.05115	20.47549
18.61858	18.60731	24.21084	23.53155	14.61533
22.11923	19.41096	20.68399	23.43152	23.82669
24.02099	12.95282	23.54720	20.27567	27.22489
13.14144	21.26358	19.61844	15.88109	14.95661
19.65230	16.47821	27.53096	22.51094	21.72699
17.53331	25.93743	22.77257	17.45717	16.83047
22.82011	21.01245	22.84811	20.88504	19.97862
20.62883	18.99709	25.43457	17.92810	21.13115
21.88771	22.23963	16.13813	19.12552	22.77743
20.80119	19.47551	24.70993	17.37663	17.16309
12.24370	22.83433	19.96842	19.34173	22.32974
19.48101	15.98877	22.58445	18.07202	17.99730
24.03862	13.97637	13.42983	14.93979	20.95362
19.82193	18.05488	20.92606	23.48912	21.79781
19.73169	28.43063	25.16888	16.35872	19.17162
18.45894	24.30422	19.44127	17.48725	16.75185
23.74479	23.92747	15.99031	21.01496	18.31149
20.63647	22.07503	19.81996	17.42299	16.35064
21.66792	20.01601	19.34284	21.88714	22.37355
